p1:
  [ 0.43527406, -0.81687653, -0.37848276, -2.09553242,
    0.68724835,  0.57304835, -0.44643617, -1.53142059,
    0.58157218, -0.06578958,  0.81083018, -4.0847683,
    0.,          0.,          0.,          1. ]

p2:
  [ 0.48167637,  0.81398654,  0.32467493, -5.51049376,
    0.70310646, -0.58009863,  0.41125035, -2.38365126,
    0.52309573,  0.03019149, -0.85173899, -0.15713733,
    0.,          0.,          0.,          1. ]

p3:
  [ 0.45149577, -0.88789296, -0.08830411,  2.49482822,
    0.57144934,  0.21173137,  0.79285276, -8.01664829,
    0.68527162,  0.40843099, -0.60298169, -1.58577406,
    0.,          0.,          0.,          1. ]

p4:
  [ 0.50098711, -0.23417394,  0.83317131, -2.47372508,
    0.6698305,  -0.50469321, -0.54462081,  1.0016042,
    0.54803187,  0.8309316,  -0.09598794, -7.02303743,
    0.,          0.,          0.,          1. ]

p5:
  [ 0.43863735,  0.23764563, -0.86667287,  1.47614253,
    0.72197759,  0.48106721,  0.4973155, -11.11021614,
    0.53511274, -0.84385949,  0.03943924,  5.23273945,
    0.,          0.,          0.,          1. ]

p6:
  [ 0.45861545,  0.54059219, -0.70528853, -5.6801157,
    0.70781827,  0.2576378,   0.65773559, -7.68910217,
    0.53727573, -0.8008638,  -0.26448435,  6.71243668,
    0.,          0.,          0.,          1. ]