image_info_3:
  [0.00881121,  0.11082087,  0.99380136, -2.7761872,
   -0.22271556, -0.9686586,   0.10999179, -0.35573143,
   0.9748437,  -0.22230418,  0.01614648, -5.0432334 ,
   0.,          0.,          0.,          1.        ]

image_info_4:
  [-0.46002835,  0.67441607, -0.57752657,  0.28149605,
   -0.88527375, -0.39841408,  0.2399096,  -0.15875411,
   -0.06829582,  0.6216343,   0.7803246,  -3.7818954 ,
   0.,          0.,          0.,          1.        ]

image_info_5:
  [0.769954,   -0.5995218,   0.21850489, -1.449896  ,
   0.63751626,  0.73737967, -0.22325818, -0.10040595,
   -0.02727292,  0.31119895,  0.9499534,   3.2489629 ,
   0.,          0.,          0.,          1.        ]

