image_info_3:
  [0.7757504,  -0.5495004,  -0.31025898, -0.00341081,
   -0.09955694,  0.37893248, -0.9200536,   0.3434014,
   0.623137,    0.7446204,   0.23925045, -0.21035793,
   0.,          0.,          0.,          1.        ]


image_info_2:
  [0.9480217,  -0.229539,    0.22037858, -0.94797456,
   0.21704036, -0.04001722, -0.97534204, -0.43483305,
   0.23269798,  0.9724765,   0.01188203, -3.6869206 ,
   0.,          0.,          0.,          1.        ]


image_info_6:
  [0.3145602,  -0.71327186,  0.6263347,   1.6330235,
  0.85668737,  0.49750093,  0.13630675, -1.7429452,
  -0.40882587,  0.49369636,  0.767545,    5.5301824,
  0.,          0.,          0.,          1.       ]

