image_info_1:
  [-3.0631134e-01,  6.7458242e-01, -6.7164868e-01,  5.6823258e+00,
   -2.7893537e-01,  6.1098939e-01,  7.4086910e-01, -1.5362824e+00,
   9.1014749e-01,  4.1428316e-01,  1.0119335e-03,  5.3392181e+00,
   0.0000000e+00,  0.0000000e+00,  0.0000000e+00,  1.0000000e+00]

image_info_2:
  [0.38962793,  0.33903,    -0.85629946, -1.765137,
   -0.06262705,  0.9373788,   0.34263515,  0.31430116,
   0.9188405,  -0.07987272,  0.38646144,  3.3701746 ,
   0.,          0.,          0.,          1.        ]

image_info_6:
   [-0.6906021,   0.06481516,  0.7203247,   3.9124622,
    0.7230335,   0.03837101,  0.6897465,  -1.0753872,
    0.01706644,  0.9971593,  -0.07336263,  4.380025,
    0.,          0.,          0.,          1.]

image_info_7:
  [0.02551608, -0.6387565,   0.7689857,  -2.0995505,
   0.9782608,   0.17431694,  0.11233591, -1.8652719,
   -0.20580253,  0.7494022,   0.6293184,   5.378554,
   0.,          0.,          0.,          1.]

