image_info_1:
  [0.11610211,  0.7085666,  -0.69602704, -1.0336105,
   -0.9914432,   0.04057612, -0.12407243,  0.32994574,
   -0.05967151,  0.70447636,  0.70721453, -4.9941278,
   0.,          0.,          0.,          1.      ]

image_info_2:
  [0.49306414,  0.594004,   -0.63564694, -7.2951226,
   -0.66275316,  0.7297776,   0.16787775, -0.1622445,
   0.56360096,  0.33850253,  0.7535052,   5.4116983,
   0.,          0.,          0.,          1.]

image_info_7:
  [0.22783917,  0.55794394, -0.7979899,   2.468325,
   -0.55116856,  0.74950695,  0.3666777,  -2.2006485,
   0.8026846,   0.3562834,   0.4782882,   5.4682574,
   0.,          0. ,         0. ,         1.]

