calibrations:
- extrinsic: !!opencv-matrix
    cols: 4
    data:
    - 0.99868202
    - 0.04797583
    - 0.01823565
    - -0.95085806
    - 0.04873902
    - -0.99784159
    - -0.04400752
    - 9.37028002
    - 0.01608499
    - 0.04483831
    - -0.99886476
    - 7.28877078
    - 0.0
    - 0.0
    - 0.0
    - 1.0
    dt: d
    rows: 4
  source_frame: lidar_154
  target_frame: lidar_166
- extrinsic: !!opencv-matrix
    cols: 4
    data:
    - 1.0
    - 0.0
    - 0.0
    - 0.0
    - 0.0
    - 1.0
    - 0.0
    - 0.0
    - 0.0
    - 0.0
    - 1.0
    - 0.0
    - 0.0
    - 0.0
    - 0.0
    - 1.0
    dt: d
    rows: 4
  source_frame: base_frame
  target_frame: lidar_154
- extrinsic: !!opencv-matrix
    cols: 4
    data:
    - 0.6579639746254419
    - -0.0090737280286656
    - 0.7529947997744373
    - -7.02381303015903
    - -0.6986831654972814
    - -0.38039341228105134
    - 0.6059228981495298
    - 1.145108994086772
    - 0.2809363378342454
    - -0.9247802526331423
    - -0.25662485416565495
    - -6.811563408948272
    - 0.0
    - 0.0
    - 0.0
    - 1.0
    dt: d
    rows: 4
  source_frame: lidar_154
  target_frame: image_info_3
- extrinsic: !!opencv-matrix
    cols: 4
    data:
    - -0.07262046262143912
    - 0.8002546088557506
    - -0.5952469003988885
    - 2.5717479412629562
    - -0.519621369395765
    - 0.4790652660173515
    - 0.7074532523565515
    - 1.3265301302122021
    - 0.8513048268556038
    - 0.36067853467584154
    - 0.38103949029386025
    - -7.7782080512999325
    - 0.0
    - 0.0
    - 0.0
    - 1.0
    dt: d
    rows: 4
  source_frame: lidar_154
  target_frame: image_info_4
- extrinsic: !!opencv-matrix
    cols: 4
    data:
    - 0.05019700097217025
    - -0.9868876749996962
    - 0.1534042605200462
    - -3.037781388301805
    - 0.6544165058918276
    - -0.08352980517656891
    - -0.7515063396162139
    - -1.6536224140128604
    - 0.7544662400291893
    - 0.1381136178662281
    - 0.6416427490024497
    - -1.0508018263655345
    - 0.0
    - 0.0
    - 0.0
    - 1.0
    dt: d
    rows: 4
  source_frame: lidar_154
  target_frame: image_info_5
- extrinsic: !!opencv-matrix
    cols: 4
    data:
    - -0.04698819
    - -0.97387313
    - 0.22217844
    - 3.62442765
    - 0.78428455
    - -0.17371672
    - -0.5955839
    - -0.99823368
    - 0.61861925
    - 0.14626574
    - 0.77195625
    - -1.6969182
    - 0.0
    - 0.0
    - 0.0
    - 1.0
    dt: d
    rows: 4
  source_frame: lidar_154
  target_frame: image_info_2
- extrinsic: !!opencv-matrix
    cols: 4
    data:
    - -0.02235683009891054
    - 0.6887257754549627
    - -0.724677175934318
    - 1.5014122861228405
    - 0.8337436592406321
    - 0.4128476841308314
    - 0.3666445698992771
    - -7.671003204057461
    - 0.5516988510536437
    - -0.5959980102637266
    - -0.5834507129602632
    - 6.4856048830353075
    - 0.0
    - 0.0
    - 0.0
    - 1.0
    dt: d
    rows: 4
  source_frame: lidar_154
  target_frame: image_info_6
- extrinsic: !!opencv-matrix
    cols: 4
    data:
    - -0.06968703539044896
    - -0.8268211459151766
    - -0.5581312712108965
    - 11.832734248614663
    - 0.6755361820035313
    - 0.3725687447367759
    - -0.6362729828300946
    - -5.4374548603828945
    - 0.7340262287015544
    - -0.42137787406150556
    - 0.5325844129558703
    - 3.4956043336860523
    - 0.0
    - 0.0
    - 0.0
    - 1.0
    dt: d
    rows: 4
  source_frame: lidar_154
  target_frame: image_info_1
- extrinsic: !!opencv-matrix
    cols: 4
    data:
    - 0.00635331257873778
    - 0.9553753854845297
    - 0.2953259949899718
    - -8.203066814451336
    - 0.6684225129224096
    - -0.2237163044557734
    - 0.7093393066092013
    - -4.899562897168828
    - 0.7437545751691197
    - 0.19289593243444608
    - -0.6400157735212922
    - 2.2185305924099814
    - 0.0
    - 0.0
    - 0.0
    - 1.0
    dt: d
    rows: 4
  source_frame: lidar_154
  target_frame: image_info_7
sensors:
  cameras:
  - D: !!opencv-matrix
      cols: 5
      data:
      - -0.04928229749202728
      - -0.01825389452278614
      - -0.0010750209912657738
      - 0.0017560702981427312
      - 0.006884897593408823
      dt: d
      rows: 1
    M: !!opencv-matrix
      cols: 3
      data:
      - 1312.1827392578125
      - 0.0
      - 1591.547607421875
      - 0.0
      - 1308.58642578125
      - 1025.43603515625
      - 0.0
      - 0.0
      - 1.0
      dt: d
      rows: 3
    P: !!opencv-matrix
      cols: 3
      data:
      - 1312.1827392578125
      - 0.0
      - 1591.547607421875
      - 0.0
      - 1308.58642578125
      - 1025.43603515625
      - 0.0
      - 0.0
      - 1.0
      dt: d
      rows: 3
    height: 2048
    name: image_info_1
    topic: /image_info_1
    width: 3072
  - D: !!opencv-matrix
      cols: 5
      data:
      - -0.021608740091323853
      - -0.054240286350250244
      - -0.0017221302259713411
      - 0.0025530681014060974
      - 0.021304363384842873
      dt: d
      rows: 1
    M: !!opencv-matrix
      cols: 3
      data:
      - 1304.0145263671875
      - 0.0
      - 1585.0162353515625
      - 0.0
      - 1301.9803466796875
      - 986.4923095703125
      - 0.0
      - 0.0
      - 1.0
      dt: d
      rows: 3
    P: !!opencv-matrix
      cols: 3
      data:
      - 1304.0145263671875
      - 0.0
      - 1585.0162353515625
      - 0.0
      - 1301.9803466796875
      - 986.4923095703125
      - 0.0
      - 0.0
      - 1.0
      dt: d
      rows: 3
    height: 2048
    name: image_info_2
    topic: /image_info_2
    width: 3072
  - D: !!opencv-matrix
      cols: 5
      data:
      - -0.0072813392616808414
      - -0.09061998873949051
      - -0.0001567703438922763
      - 0.0008312284480780363
      - 0.04365091770887375
      dt: d
      rows: 1
    M: !!opencv-matrix
      cols: 3
      data:
      - 1304.0782470703125
      - 0.0
      - 1546.0491943359375
      - 0.0
      - 1302.5244140625
      - 999.1660766601562
      - 0.0
      - 0.0
      - 1.0
      dt: d
      rows: 3
    P: !!opencv-matrix
      cols: 3
      data:
      - 1304.0782470703125
      - 0.0
      - 1546.0491943359375
      - 0.0
      - 1302.5244140625
      - 999.1660766601562
      - 0.0
      - 0.0
      - 1.0
      dt: d
      rows: 3
    height: 2048
    name: image_info_3
    topic: /image_info_3
    width: 3072
  - D: !!opencv-matrix
      cols: 5
      data:
      - -0.005313077010214329
      - -0.08664987981319427
      - -0.0030052175279706717
      - 0.00292184273712337
      - 0.04155625402927399
      dt: d
      rows: 1
    M: !!opencv-matrix
      cols: 3
      data:
      - 1287.37890625
      - 0.0
      - 1580.9193115234375
      - 0.0
      - 1285.7943115234375
      - 988.2794799804688
      - 0.0
      - 0.0
      - 1.0
      dt: d
      rows: 3
    P: !!opencv-matrix
      cols: 3
      data:
      - 1287.37890625
      - 0.0
      - 1580.9193115234375
      - 0.0
      - 1285.7943115234375
      - 988.2794799804688
      - 0.0
      - 0.0
      - 1.0
      dt: d
      rows: 3
    height: 2048
    name: image_info_4
    topic: /image_info_4
    width: 3072
  - D: !!opencv-matrix
      cols: 5
      data:
      - -0.01398720033466816
      - -0.07114166766405106
      - -0.001755471806973219
      - 0.00010003337229136378
      - 0.02995660901069641
      dt: d
      rows: 1
    M: !!opencv-matrix
      cols: 3
      data:
      - 1296.840087890625
      - 0.0
      - 1517.7794189453125
      - 0.0
      - 1296.1551513671875
      - 1074.6387939453125
      - 0.0
      - 0.0
      - 1.0
      dt: d
      rows: 3
    P: !!opencv-matrix
      cols: 3
      data:
      - 1296.840087890625
      - 0.0
      - 1517.7794189453125
      - 0.0
      - 1296.1551513671875
      - 1074.6387939453125
      - 0.0
      - 0.0
      - 1.0
      dt: d
      rows: 3
    height: 2048
    name: image_info_5
    topic: /image_info_5
    width: 3072
  - D: !!opencv-matrix
      cols: 5
      data:
      - -0.008488364517688751
      - -0.08517759293317795
      - -0.0024794733617454767
      - -0.0004631694464478642
