calibrations:
- extrinsic: !!opencv-matrix
    cols: 4
    data:
    - 0.99868202
    - 0.04797583
    - 0.01823565
    - -0.95085806
    - 0.04873902
    - -0.99784159
    - -0.04400752
    - 9.37028002
    - 0.01608499
    - 0.04483831
    - -0.99886476
    - 7.28877078
    - 0.0
    - 0.0
    - 0.0
    - 1.0
    dt: d
    rows: 4
  source_frame: lidar_154
  target_frame: lidar_166
- extrinsic: !!opencv-matrix
    cols: 4
    data:
    - 1.0
    - 0.0
    - 0.0
    - 0.0
    - 0.0
    - 1.0
    - 0.0
    - 0.0
    - 0.0
    - 0.0
    - 1.0
    - 0.0
    - 0.0
    - 0.0
    - 0.0
    - 1.0
    dt: d
    rows: 4
  source_frame: base_frame
  target_frame: lidar_154
- extrinsic: !!opencv-matrix
    cols: 4
    data:
    - -0.1749917919466914
    - 0.9408476323319878
    - 0.2901441452559622
    - -2.9196079599612763
    - -0.26280046040681493
    - -0.328634010697954
    - 0.9071579965107177
    - 0.13334117938865753
    - 0.9488486704560526
    - 0.08249518423459862
    - 0.30476342533250445
    - -5.456661011721123
    - 0.0
    - 0.0
    - 0.0
    - 1.0
    dt: d
    rows: 4
  source_frame: lidar_154
  target_frame: image_info_3
- extrinsic: !!opencv-matrix
    cols: 4
    data:
    - 0.41052839159675236
    - 0.9114857205537722
    - 0.0256958558504968
    - -5.659530997275844
    - -0.43379040955843723
    - 0.17043483672792342
    - 0.8847473120132874
    - -1.382182858571103
    - 0.8020550668176545
    - -0.37436052556208105
    - 0.4653621131280667
    - -7.289113311769174
    - 0.0
    - 0.0
    - 0.0
    - 1.0
    dt: d
    rows: 4
  source_frame: lidar_154
  target_frame: image_info_2
- extrinsic: !!opencv-matrix
    cols: 4
    data:
    - -0.02235683009891054
    - 0.6887257754549627
    - -0.724677175934318
    - 1.5014122861228405
    - 0.8337436592406321
    - 0.4128476841308314
    - 0.3666445698992771
    - -7.671003204057461
    - 0.5516988510536437
    - -0.5959980102637266
    - -0.5834507129602632
    - 6.4856048830353075
    - 0.0
    - 0.0
    - 0.0
    - 1.0
    dt: d
    rows: 4
  source_frame: lidar_154
  target_frame: image_info_6
- extrinsic: !!opencv-matrix
    cols: 4
    data:
    - -0.06968703539044896
    - -0.8268211459151766
    - -0.5581312712108965
    - 11.832734248614663
    - 0.6755361820035313
    - 0.3725687447367759
    - -0.6362729828300946
    - -5.4374548603828945
    - 0.7340262287015544
    - -0.42137787406150556
    - 0.5325844129558703
    - 3.4956043336860523
    - 0.0
    - 0.0
    - 0.0
    - 1.0
    dt: d
    rows: 4
  source_frame: lidar_154
  target_frame: image_info_1
- extrinsic: !!opencv-matrix
    cols: 4
    data:
    - 0.00635331257873778
    - 0.9553753854845297
    - 0.2953259949899718
    - -8.203066814451336
    - 0.6684225129224096
    - -0.2237163044557734
    - 0.7093393066092013
    - -4.899562897168828
    - 0.7437545751691197
    - 0.19289593243444608
    - -0.6400157735212922
    - 2.2185305924099814
    - 0.0
    - 0.0
    - 0.0
    - 1.0
    dt: d
    rows: 4
  source_frame: lidar_154
  target_frame: image_info_7
sensors:
  cameras:
  - D: !!opencv-matrix
      cols: 5
      data:
      - -0.04928229749202728
      - -0.01825389452278614
      - -0.0010750209912657738
      - 0.0017560702981427312
      - 0.006884897593408823
      dt: d
      rows: 1
    M: !!opencv-matrix
      cols: 3
      data:
      - 1312.1827392578125
      - 0.0
      - 1591.547607421875
      - 0.0
      - 1308.58642578125
      - 1025.43603515625
      - 0.0
      - 0.0
      - 1.0
      dt: d
      rows: 3
    P: !!opencv-matrix
      cols: 3
      data:
      - 1312.1827392578125
      - 0.0
      - 1591.547607421875
      - 0.0
      - 1308.58642578125
      - 1025.43603515625
      - 0.0
      - 0.0
      - 1.0
      dt: d
      rows: 3
    height: 2048
    name: image_info_1
    topic: /image_info_1
    width: 3072
  - D: !!opencv-matrix
      cols: 5
      data:
      - -0.021608740091323853
      - -0.054240286350250244
      - -0.0017221302259713411
      - 0.0025530681014060974
      - 0.021304363384842873
      dt: d
      rows: 1
    M: !!opencv-matrix
      cols: 3
      data:
      - 1304.0145263671875
      - 0.0
      - 1585.0162353515625
      - 0.0
      - 1301.9803466796875
      - 986.4923095703125
      - 0.0
      - 0.0
      - 1.0
      dt: d
      rows: 3
    P: !!opencv-matrix
      cols: 3
      data:
      - 1304.0145263671875
      - 0.0
      - 1585.0162353515625
      - 0.0
      - 1301.9803466796875
      - 986.4923095703125
      - 0.0
      - 0.0
      - 1.0
      dt: d
      rows: 3
    height: 2048
    name: image_info_2
    topic: /image_info_2
    width: 3072
  - D: !!opencv-matrix
      cols: 5
      data:
      - -0.0072813392616808414
      - -0.09061998873949051
      - -0.0001567703438922763
      - 0.0008312284480780363
      - 0.04365091770887375
      dt: d
      rows: 1
    M: !!opencv-matrix
      cols: 3
      data:
      - 1304.0782470703125
      - 0.0
      - 1546.0491943359375
      - 0.0
      - 1302.5244140625
      - 999.1660766601562
      - 0.0
      - 0.0
      - 1.0
      dt: d
      rows: 3
    P: !!opencv-matrix
      cols: 3
      data:
      - 1304.0782470703125
      - 0.0
      - 1546.0491943359375
      - 0.0
      - 1302.5244140625
      - 999.1660766601562
      - 0.0
      - 0.0
      - 1.0
      dt: d
      rows: 3
    height: 2048
    name: image_info_3
    topic: /image_info_3
    width: 3072
  - D: !!opencv-matrix
      cols: 5
      data:
      - -0.005313077010214329
      - -0.08664987981319427
      - -0.0030052175279706717
      - 0.00292184273712337
      - 0.04155625402927399
      dt: d
      rows: 1
    M: !!opencv-matrix
      cols: 3
      data:
      - 1287.37890625
      - 0.0
      - 1580.9193115234375
      - 0.0
      - 1285.7943115234375
      - 988.2794799804688
      - 0.0
      - 0.0
      - 1.0
      dt: d
      rows: 3
    P: !!opencv-matrix
      cols: 3
      data:
      - 1287.37890625
      - 0.0
      - 1580.9193115234375
      - 0.0
      - 1285.7943115234375
      - 988.2794799804688
      - 0.0
      - 0.0
      - 1.0
      dt: d
      rows: 3
    height: 2048
    name: image_info_4
    topic: /image_info_4
    width: 3072
  - D: !!opencv-matrix
      cols: 5
      data:
      - -0.01398720033466816
      - -0.07114166766405106
      - -0.001755471806973219
      - 0.00010003337229136378
      - 0.02995660901069641
      dt: d
      rows: 1
    M: !!opencv-matrix
      cols: 3
      data:
      - 1296.840087890625
      - 0.0
      - 1517.7794189453125
      - 0.0
      - 1296.1551513671875
      - 1074.6387939453125
      - 0.0
      - 0.0
      - 1.0
      dt: d
      rows: 3
    P: !!opencv-matrix
      cols: 3
      data:
      - 1296.840087890625
      - 0.0
      - 1517.7794189453125
      - 0.0
      - 1296.1551513671875
      - 1074.6387939453125
      - 0.0
      - 0.0
      - 1.0
      dt: d
      rows: 3
    height: 2048
    name: image_info_5
    topic: /image_info_5
    width: 3072
  - D: !!opencv-matrix
      cols: 5
      data:
      - -0.008488364517688751
      - -0.08517759293317795
      - -0.0024794733617454767
      - -0.0004631694464478642
      - 0.04047863185405731
      dt: d
      rows: 1
    M: !!opencv-matrix
      cols: 3
      data:
      - 1278.7322998046875
      - 0.0
      - 1497.2919921875
      - 0.0
      - 1278.887451171875
      - 1071.9908447265625
      - 0.0
      - 0.0
      - 1.0
      dt: d
      rows: 3
    P: !!opencv-matrix
      cols: 3
      data:
      - 1278.7322998046875
      - 0.0
      - 1497.2919921875
      - 0.0
      - 1278.887451171875
      - 1071.9908447265625
      - 0.0
      - 0.0
      - 1.0
      dt: d
      rows: 3
    height: 2048
    name: image_info_6
    topic: /image_info_6
    width: 3072
  - D: !!opencv-matrix
      cols: 5
      data:
      - -0.010777834802865982
      - -0.07228229939937592
      - -0.0024419177789241076
      - 0.0007735033286735415
      - 0.03043794445693493
      dt: d
      rows: 1
